[[10,0],
[9.92115,1.25333],
[9.68583,2.4869],
[9.29776,3.68125],
[8.76307,4.81754],
[8.09017,5.87785],
[7.28969,6.84547],
[6.37424,7.70513],
[5.35827,8.44328],
[4.25779,9.04827],
[3.09017,9.51057],
[1.87381,9.82287],
[0.627905,9.98027],
[-0.627905,9.98027],
[-1.87381,9.82287],
[-3.09017,9.51056],
[-4.25779,9.04827],
[-5.35827,8.44328],
[-6.37424,7.70513],
[-7.28969,6.84547],
[-8.09017,5.87785],
[-8.76307,4.81754],
[-9.29776,3.68125],
[-9.68583,2.4869],
[-9.92115,1.25333],
[-10,-8.74228e-07],
[-9.92115,-1.25333],
[-9.68583,-2.4869],
[-9.29776,-3.68125],
[-8.76307,-4.81754],
[-8.09017,-5.87785],
[-7.28969,-6.84547],
[-6.37424,-7.70513],
[-5.35827,-8.44328],
[-4.25779,-9.04827],
[-3.09017,-9.51056],
[-1.87381,-9.82287],
[-0.627905,-9.98027],
[0.627906,-9.98027],
[1.87381,-9.82287],
[3.09017,-9.51056],
[4.25779,-9.04827],
[5.35827,-8.44328],
[6.37424,-7.70513],
[7.28969,-6.84547],
[8.09017,-5.87785],
[8.76307,-4.81754],
[9.29776,-3.68125],
[9.68583,-2.4869],
[9.92115,-1.25333],
[-0.466049,-1.07034],
[-2.52679,1.95558],
[-3.03844,5.70663],
[0.638651,1.72133],
[0.47931,2.9037],
[-7.51357,-1.40899],
[-7.23512,-4.05634],
[-0.271595,-4.76728],
[0.332323,0.0420449],
[1.42291,0.831798],
[0.134665,-1.33124],
[0.646197,-0.0247876],
[4.72022,-7.05329],
[5.59338,-2.88981],
[0.838978,3.27662],
[-0.832361,-1.34546],
[-0.964151,-4.26478],
[-3.22027,-6.9062],
[-5.24295,-1.39708],
[-2.76713,-0.191397],
[0.0878775,-7.71789],
[-0.00841764,1.13282],
[0.07883,-3.21319],
[-0.679478,-0.351558],
[-6.35337,0.720522],
[1.69728,0.169799],
[-1.19287,2.64286],
[1.38179,1.01515],
[1.89281,-0.303043],
[-2.58415,3.80879],
[0.9043,5.61633],
[0.124765,2.55297],
[-6.13439,5.84717],
[-0.235225,1.84428],
[-1.17659,1.59756],
[5.94949,0.85287],
[-2.07699,2.92801],
[1.39384,5.43197],
[-0.594987,5.65743],
[3.91731,0.522907],
[0.0860311,-2.20112],
[-2.9947,-2.24209],
[0.543885,-3.14512],
[-8.34284,1.37642],
[-5.74252,1.88096],
[-0.0539064,4.20028],
[-0.576731,7.32652],
[-1.55297,2.44598],
[-2.1562,2.20353],
[0.75293,-0.196382],
[-8.12802,0.136791],
[2.33282,-1.07091],
[-0.0484344,-1.0943],
[-3.64818,3.84391],
[-4.60534,-1.00706],
[1.36577,-4.52887],
[-1.00352,1.30383],
[-6.33042,6.12413],
[-7.25657,-1.77333],
[0.36637,-2.54557],
[1.27081,-5.8576],
[5.18623,-4.25616],
[0.485257,-4.15595],
[-2.52292,2.60161],
[-5.17339,0.949138],
[3.71104,-2.13138],
[1.30964,2.05802],
[0.227249,-1.16084],
[0.770028,-0.463869],
[1.52642,2.30224],
[-1.3159,0.0289212],
[-0.377311,-4.86014],
[6.05786,-6.39929],
[3.33539,4.79405],
[-0.692285,6.88883],
[-1.56907,3.6752],
[4.74168,4.28726],
[-4.03713,1.19123],
[-6.44725e-05,2.57571],
[-0.158374,-1.47507],
[-0.263159,-1.42037],
[5.64539,-5.53113],
[-2.32384,-1.68546],
[-4.07592,-6.71009],
[-4.60598,-2.28545],
[-0.0754989,5.26412],
[0.170962,-2.60762],
[-8.84453,6.10918],
[-1.29789,-0.826717],
[-4.1271,2.91358],
[1.42888,-1.34318],
[4.28762,-4.21104],
[-0.58998,2.46164],
[7.40357,-0.512661],
[3.17228,1.36467],
[0.299008,5.33302],
[2.72939,-1.08507],
[-2.9922,-1.85714],
[-1.4485,0.00161026],
[4.88318,1.79538],
[3.86866,-0.588835],
[-0.964292,1.97683],
[-5.08899,1.88425],
[-4.82008,-2.40607],
[2.2872,1.41521],
[-0.138948,3.2623],
[2.45275,7.13603],
[5.19931,5.80935],
[-5.79366,-3.03089],
[2.96131,1.08947],
[0.487804,4.57161],
[7.6153,0.965792],
[-3.04965,-7.13413],
[-4.00398,-3.31047],
[-4.12737,-6.50535],
[-2.48072,2.46919],
[1.82993,4.79428],
[3.62431,6.51726],
[-2.08699,-1.34377],
[-4.15101,-6.17718],
[-0.344525,6.81854],
[4.93284,-8.426],
[7.58208,-0.544971],
[-3.16757,-7.45246],
[-7.48129,3.07686],
[2.51648,0.472029],
[-2.69556,3.20392],
[2.27518,7.08921],
[1.24787,-3.56882],
[0.162845,-0.00122767],
[0.897063,3.14683],
[5.33683,-2.83476],
[-0.694483,-0.60225],
[-4.08097,-0.615834],
[-0.834661,-0.645441],
[1.59294,-0.478167],
[-1.23731,-7.3455],
[-4.22131,4.66656],
[-0.533383,4.16427],
[-1.01617,1.15756],
[0.135077,-4.14379],
[7.95372,-4.48682],
[3.5596,-1.27001],
[1.79974,1.24962],
[-2.48309,-2.39666],
[-4.63113,-3.27852],
[0.683249,2.3563],
[-3.22897,-0.764833],
[-0.0383815,-4.64792],
[-3.85571,1.99026],
[0.161902,-2.40576],
[-0.585271,-5.04148],
[0.208447,-2.72286],
[-2.52475,-1.70466],
[-1.26289,0.179043],
[1.57807,-3.66421],
[0.00591773,7.02331],
[-6.50626,4.27019],
[5.99537,7.09565],
[-3.51356,-2.93632],
[-2.6953,0.796487],
[1.60542,-0.473949],
[-0.142096,5.0194],
[0.115269,-0.90607],
[-2.05728,1.55246],
[-5.8847,1.88774],
[7.33414,-2.21964],
[-5.88667,7.25924],
[-2.91947,-4.74277],
[1.49622,0.403523],
[2.62962,0.292001],
[0.153516,-4.02461],
[1.14722,-7.58654],
[4.66195,2.64384],
[6.7234,-1.24112],
[-2.45254,4.48889],
[1.64564,1.4754],
[-0.291936,3.89453],
[0.654858,2.3856],
[-5.39949,2.26505],
[-5.77713,-3.51705],
[3.25085,1.46995],
[4.5299,-0.54765],
[3.8947,-3.01952],
[1.94509,0.537515],
[-0.840996,5.0058],
[-0.148483,4.00037],
[5.54628,8.62998],
[2.80697,5.16034],
[-1.41962,0.350126],
[0.977764,-0.13919],
[-2.35999,-6.79131],
[-1.37759,-3.11067],
[-2.06234,-0.496722],
[-2.81937,-5.5028],
[3.27318,5.77121],
[-3.81157,-7.60531],
[-0.967745,1.1141],
[1.61991,-4.8556],
[-2.99691,0.0889325],
[6.49371,-2.01761],
[-0.759544,5.64499],
[4.41152,6.86382],
[-0.743055,2.17572],
[0.474978,-0.545803],
[1.02968,-4.83333],
[6.31723,7.98623],
[2.79119,0.980082],
[-8.0816,-0.747784],
[-3.70877,3.66041],
[4.91072,1.06784],
[2.56324,-0.155078],
[1.90217,0.401145],
[-3.25977,-0.0678255],
[1.4949,-2.05096],
[-5.63109,4.84213],
[-0.242565,-4.11425],
[4.31243,4.97462],
[-1.82104,-0.362668],
[1.50991,0.737822],
[5.32792,2.27705],
[-4.45398,-6.66617],
[-8.07043,-1.21413],
[-5.68705,8.59148],
[1.68179,-3.61277],
[-0.658052,0.541619],
[7.13178,-1.14591],
[1.99021,3.06451],
[-3.26572,-0.917061],
[-6.76617,-0.225201],
[-7.52679,3.49509],
[6.09792,1.62643],
[-0.251791,5.01032],
[3.71024,-4.52492],
[1.80595,-7.48916],
[-0.705481,5.10259],
[-5.78192,0.824194],
[-0.269394,8.56934],
[-4.79439,-4.04503],
[-7.7698,-5.55207],
[-3.95337,1.80731],
[-5.24572,-2.68921],
[-1.74458,3.28691],
[2.37691,-1.90586],
[-2.40657,-1.2029],
[-0.0411243,-3.94365],
[4.43097,-1.0227],
[4.90117,3.53425],
[1.58949,-0.869335],
[-1.64768,2.34545],
[7.55277,-0.589977],
[4.17637,-3.32354],
[0.841003,2.63284],
[-3.56944,-3.87895],
[-7.74228,0.0572987],
[-0.229865,-0.179746],
[0.841848,-0.526728],
[-4.41588,-7.86156],
[8.2261,4.09923],
[-3.48283,4.28227],
[5.57046,-3.79283],
[-7.84309,-1.7945],
[4.60909,-2.73473],
[6.04166,-4.12004],
[-6.93839,-0.324607],
[2.85646,0.878707],
[-4.79349,0.932002],
[0.17828,-3.67189],
[3.01023,-0.324093],
[-4.06323,-2.24651],
[6.87932,-6.7737],
[-0.161691,5.4907],
[-0.646479,-2.82738],
[-0.315521,-1.46641],
[0.830083,5.09821],
[6.92215,1.02203],
[4.90613,-0.331527],
[-1.82757,-3.11326],
[1.21104,3.52139],
[3.57297,-0.40198],
[1.91356,-5.47661],
[0.278375,-0.988198],
[-0.055046,-2.75324],
[0.0860724,-3.19585],
[-3.02197,-0.505362],
[-1.34943,8.71283],
[-1.8525,0.444287],
[0.0466267,0.0356173],
[-0.0517894,-7.39286],
[7.08908,-6.73574],
[-5.87406,1.7248],
[-0.125089,-0.990759],
[-0.922332,-4.74891],
[-7.00513,5.42491],
[-3.07555,6.34799],
[2.70073,3.29957],
[0.988868,-7.70073],
[-0.181538,-0.0637514],
[-0.444927,-4.51383],
[3.0697,-0.525979],
[0.227442,-2.47943],
[1.55735,2.99763],
[-5.19304,2.2592],
[-1.79081,3.61803],
[0.780266,-3.51987],
[-2.20438,-4.67769],
[-5.75484,1.48721],
[-2.63773,1.90025],
[-1.39589,-3.12186],
[0.0815021,2.96137],
[-0.064852,1.6441],
[-0.589785,4.46138],
[-0.493357,-7.40253],
[-1.4539,-0.0586115],
[-8.88813,-5.28881],
[3.80916,2.37204],
[-1.48536,2.2444],
[-1.61866,3.98425],
[0.622905,2.04027],
[7.86672,4.32435],
[2.03187,-1.3605],
[0.622582,5.19456],
[2.35252,1.88903],
[-2.06297,-1.78139],
[-7.74152,6.18077],
[0.875324,-3.63476],
[-7.04711,-1.0932],
[2.56153,-5.69697],
[7.21831,0.821441],
[5.7687,0.66013],
[0.208018,3.69547],
[0.170983,-8.54523],
[-7.52233,0.478564],
[-2.24225,2.35659],
[1.5598,-2.49623],
[1.87018,-2.29493],
[4.4474,-0.597961],
[-0.941532,-0.929169],
[-0.915554,3.54541],
[-2.17923,-6.69805],
[-3.6126,2.17101],
[4.74038,-3.04178],
[3.14102,-0.0827662],
[-7.3349,-3.6747],
[1.3372,-0.88992],
[3.39961,5.07876],
[4.59037,1.03402],
[3.0132,4.07625],
[-1.13852,-5.25074],
[3.64874,-4.58058],
[4.44896,0.139693],
[0.0578343,-3.95807],
[-2.85754,2.15121],
[-3.30467,-3.71268],
[-5.86929,-3.15649],
[-7.22165,-5.20221],
[-1.02188,0.881631],
[-1.20539,3.97555],
[0.998071,1.0961],
[-2.95215,-1.1844],
[-5.34267,5.9844],
[4.31477,0.86635],
[-2.38079,0.400253],
[4.32659,-6.58754],
[-0.561939,-1.21362],
[-0.225787,-0.743872],
[-4.38933,-2.5792],
[-1.81536,-2.96038],
[-7.12746,1.20181],
[6.93226,0.211259],
[-6.77714,0.509817],
[2.17711,-4.38899],
[0.268041,-0.422286],
[-0.981992,6.07308],
[-1.33483,-5.33009],
[6.10794,-5.23705],
[-0.116969,0.152051],
[5.42666,8.07094],
[-4.32784,3.55463],
[-0.459064,4.03786],
[0.225335,-3.98451],
[2.986,-4.67527],
[-0.98121,1.60638],
[-0.756996,2.38139],
[1.08237,-4.59598],
[-6.87881,1.26966],
[-6.4184,0.0197722],
[-6.74823,-2.18755],
[-2.85923,-3.2378],
[-2.55521,3.50503],
[-5.43194,-0.251113],
[-2.26597,-5.35266],
[1.08673,0.479982],
[-6.02857,-0.789978],
[5.2198,-4.26162],
[1.28655,0.584761],
[0.424234,-0.728571],
[1.31117,-5.20735],
[-3.62179,-7.38345],
[-8.50672,3.19998],
[-1.47595,-5.69396],
[1.33151,-8.56654],
[2.1585,-7.96033],
[0.114843,-7.18724],
[-6.47214,3.80724],
[-4.03894,-2.54767],
[0.166287,-3.6106],
[0.982223,-0.273778],
[3.29097,0.235546],
[2.05287,6.92505],
[-1.15105,-0.562174],
[-7.03519,-0.270834],
[-0.255269,0.497621],
[1.08416,-0.404071],
[-6.1638,3.36549],
[-0.605154,-3.93255],
[6.98714,-1.41137],
[7.29946,-2.78206],
[7.33418,-4.87365],
[1.96733,8.36384],
[3.06779,2.35399],
[0.966768,-0.0576357],
[2.01032,-7.89354],
[0.120922,1.05123],
[-0.656158,-1.53934],
[-6.73623,-4.21811],
[-6.75935,2.98955],
[-6.31177,-6.58831],
[0.363829,1.57958],
[-0.819107,0.00226491],
[1.56501,-0.26458],
[-7.22602,6.56769],
[0.354804,-1.94848],
[0.0558654,0.248999],
[5.33359,3.51374],
[6.48552,4.89583],
[-0.42969,1.52803],
[-1.31159,-5.87973],
[5.61684,2.27596],
[6.32891,0.862374],
[-2.36253,1.98661],
[0.0878823,-3.35582],
[1.79963,-6.48535],
[-0.19224,3.73363],
[-1.21109,1.33165],
[2.54427,0.604474],
[-2.81907,0.440718],
[-5.57616,6.36192],
[0.998492,0.0409529],
[6.38659,3.23241],
[-1.98045,0.455127],
[-2.16925,3.10616],
[0.961727,5.85984],
[-0.771625,3.57299],
[3.40878,-0.118626],
[7.34499,-5.46671],
[-3.7743,1.31395],
[1.23416,-2.53887],
[-4.71866,0.843535],
[-0.300787,0.532557],
[-3.06889,-6.09203],
[-6.1283,5.41567],
[-2.86694,-7.43573],
[-1.44157,2.38237],
[1.00547,2.74902],
[-0.196078,0.892174],
[-2.49862,-1.54735],
[5.125,-0.475062],
[-7.90875,-8.34703],
[2.14069,3.62569],
[0.233102,-0.437251],
[-4.13354,3.65043],
[-1.48814,-2.78471],
[-1.80476,0.588478],
[-4.23546,8.05573],
[5.40786,7.41669],
[0.52741,-1.72307],
[1.46066,1.66692],
[2.79958,8.22055],
[-2.63586,-0.553167],
[-0.518439,-6.81519],
[2.5998,2.59539],
[0.172396,-0.385494],
[-2.9534,-0.441153],
[0.109583,2.33389],
[-5.98876,4.92735],
[-6.31779,4.07579],
[5.34884,0.44155],
[-0.267523,-1.5263],
[-1.08722,0.306887],
[-6.81758,0.46439],
[-8.09721,5.30353],
[-2.61487,-0.470427],
[-5.67291,-5.15818],
[-7.30564,-3.30797],
[-5.56385,-6.06041],
[0.124797,-1.03412],
[-6.62324,2.88254],
[0.475931,-0.0167602],
[4.27306,3.33688]]
